5.734959840774536133e-01 1.597548723220825195e-01 -3.198151588439941406e-01 1.238691449165344238e+00 3.535816073417663574e-01 -1.107654929161071777e+00
-3.148049116134643555e-02 2.475591152906417847e-01 -3.107659518718719482e-01 -4.933553934097290039e-01 1.673608720302581787e-01 7.409000396728515625e-01
-3.404697775840759277e-01 -2.465403079986572266e-02 -3.029197752475738525e-01 -7.772592902183532715e-01 8.833429813385009766e-01 -1.042216658592224121e+00
-5.733975172042846680e-01 3.781849145889282227e-01 9.370085000991821289e-01 -6.381703019142150879e-01 2.773396968841552734e-01 -8.297095298767089844e-01
1.689589321613311768e-01 -4.317082762718200684e-01 -8.824177831411361694e-02 1.169741712510585785e-02 -5.193126946687698364e-02 -8.009525015950202942e-03
-3.807398676872253418e-01 2.818258404731750488e-01 -3.943615127354860306e-03 6.700847744941711426e-01 1.003941535949707031e+00 -5.709370970726013184e-01
5.271695852279663086e-01 2.419807761907577515e-01 -8.996886610984802246e-01 -1.567240208387374878e-01 1.073306918144226074e+00 -6.735569238662719727e-01
-1.085303500294685364e-01 8.626451343297958374e-02 6.756484508514404297e-02 1.848125457763671875e-02 -1.041423436254262924e-02 -1.211578864604234695e-02
6.708524227142333984e-01 -7.466420531272888184e-01 4.981625676155090332e-01 -7.821354866027832031e-01 1.549491435289382935e-01 -1.652614772319793701e-01
-2.980726771056652069e-03 8.851324319839477539e-01 4.813833534717559814e-01 -1.181773468852043152e-01 8.221350908279418945e-01 -8.617960661649703979e-02
-7.824858427047729492e-01 6.648993492126464844e-01 4.740469157695770264e-01 -5.923761129379272461e-01 4.574709236621856689e-01 -1.117074415087699890e-01
-1.985249966382980347e-01 -6.366905570030212402e-01 6.555651873350143433e-02 2.220418453216552734e-01 -6.833792477846145630e-02 -1.467867009341716766e-02
-6.017823219299316406e-01 -9.859004989266395569e-03 3.857778012752532959e-01 -9.927594661712646484e-01 6.001803278923034668e-01 5.290036201477050781e-01
2.907623909413814545e-02 -6.710131186991930008e-03 8.857672661542892456e-02 -1.566929160617291927e-03 -4.626725614070892334e-02 -1.708662882447242737e-02
-9.949716180562973022e-02 1.358034014701843262e-01 -1.525865644216537476e-01 4.363206624984741211e-01 -5.610888004302978516e-01 -9.629932045936584473e-02
4.884876683354377747e-02 -4.256863147020339966e-02 3.923175483942031860e-02 -8.503890130668878555e-04 1.421857392415404320e-03 1.119111571460962296e-02
-8.351315855979919434e-01 -5.358674526214599609e-01 -4.323020279407501221e-01 6.280007362365722656e-01 5.543414950370788574e-01 4.451750516891479492e-01
6.339083611965179443e-02 2.669793665409088135e-01 4.863221347332000732e-01 1.554963737726211548e-01 3.941303864121437073e-02 -3.106629289686679840e-02
-1.723803728818893433e-01 3.494900763034820557e-01 2.541971504688262939e-01 -8.488720655441284180e-01 -1.233146786689758301e+00 -7.778554558753967285e-01
-1.016589114442467690e-03 7.526926929131150246e-04 1.102148322388529778e-03 3.929926082491874695e-03 -7.845449727028608322e-04 2.768457168713212013e-03
